shape_id,shape_pt_lat,shape_pt_lon,shape_pt_sequence,shape_dist_traveled
54952,18.54551,-69.90039,0,0.0
54952,18.53975,-69.90451,1,771.8027071437112
54952,18.52953,-69.90836,2,1973.8358096021743
54952,18.52511,-69.91645,3,2958.2078950588075
54952,18.51819,-69.91488,4,3741.891991025395
54952,18.50781,-69.91551,5,4892.740252763332
54952,18.4998,-69.9154,6,5779.412854936107
54952,18.49372,-69.91499,7,6453.775902878003
54952,18.48612,-69.91445,8,7296.920701836137
54952,18.48186,-69.91417,9,7769.369327937626
54952,18.47625,-69.91345,10,8394.956216672424
54952,18.47103,-69.91204,11,8991.620074266597
54952,18.4644,-69.9098,12,9762.663345715875
54952,18.45926,-69.91625,13,10650.259542260987
54952,18.45534,-69.92447,14,11620.90212279732
54952,18.4511,-69.92749,15,12188.364832550857
54953,18.4511,-69.92749,0,0.0
54953,18.45534,-69.92447,1,567.4627097535358
54953,18.45926,-69.91625,2,1538.10529028987
54953,18.4644,-69.9098,3,2425.7014868349816
54953,18.47103,-69.91204,4,3196.7447582842597
54953,18.47625,-69.91345,5,3793.408615878432
54953,18.48186,-69.91417,6,4418.995504613229
54953,18.48612,-69.91445,7,4891.444130714719
54953,18.49372,-69.91499,8,5734.588929672851
54953,18.4998,-69.9154,9,6408.951977614748
54953,18.50782,-69.91551,10,7296.731347442803
54953,18.51819,-69.91488,11,8446.474599100186
54953,18.52511,-69.91645,12,9230.158695066772
54953,18.52953,-69.90836,13,10214.530780523406
54953,18.53975,-69.90451,14,11416.563882981869
54953,18.54551,-69.90039,15,12188.366590125579
54954,18.50544,-69.85587,0,0.0
54954,18.51024,-69.85991,1,681.3761212405989
54954,18.51044,-69.86539,2,1260.4663646022855
54954,18.51081,-69.87011,3,1760.5591522674367
54954,18.50719,-69.87929,4,2809.485299530701
54954,18.50382,-69.88408,5,3437.969243836833
54954,18.49974,-69.88988,6,4198.9449235883985
54954,18.49579,-69.89569,7,4952.341769957744
54954,18.49308,-69.89952,8,5455.901194387407
54954,18.48743,-69.90439,9,6265.600820637588
54954,18.48156,-69.9064,10,6949.126710359804
54954,18.48186,-69.91417,11,7770.416762295772
54954,18.48227,-69.92086,12,8478.426901076491
54954,18.4827,-69.93113,13,9564.118540020376
54954,18.48407,-69.94064,14,10579.877846188312
54954,18.48237,-69.94615,15,11191.469920635092
54954,18.4818,-69.95478,16,12105.095226347868
54954,18.48001,-69.96241,17,12934.930662078776
54954,18.47896,-69.9676,18,13495.258263584969
54955,18.47896,-69.9676,0,0.0
54955,18.48001,-69.96241,1,560.3276015061929
54955,18.4818,-69.95478,2,1390.1630372371
54955,18.48237,-69.94615,3,2303.788342949876
54955,18.48407,-69.94064,4,2915.3804173966564
54955,18.4827,-69.93113,5,3931.1397235645927
54955,18.48227,-69.92086,6,5016.8313625084775
54955,18.48186,-69.91417,7,5724.8415012892
54955,18.48156,-69.9064,8,6546.131553225168
54955,18.48743,-69.90439,9,7229.657442947384
54955,18.49308,-69.89952,10,8039.357069197569
54955,18.49579,-69.89569,11,8542.916493627235
54955,18.49974,-69.88988,12,9296.31333999658
54955,18.50382,-69.88408,13,10057.289019748147
54955,18.50719,-69.87929,14,10685.772964054282
54955,18.51081,-69.87011,15,11734.699111317546
54955,18.51024,-69.85991,16,12813.62503080591
54955,18.50544,-69.85587,17,13495.001152046505
54956,18.50382,-69.88408,0,0.0
54956,18.51725,-69.88182,1,1505.5512679829408
54956,18.53089,-69.8656,2,3788.6405467118384
54956,18.54311,-69.86069,3,5237.169265272889
54957,18.54311,-69.86069,0,0.0
54957,18.53089,-69.8656,1,1448.5287185610505
54957,18.51725,-69.88182,2,3731.617997289941
54957,18.50382,-69.88408,3,5237.169265272882
54965,18.47896,-69.9676,0,0.0
54965,18.48612,-69.97727,1,1292.7051049798247
54965,18.49186,-69.98452,2,2287.642380123383
54965,18.49899,-69.99388,3,3552.509282116509
54965,18.50491,-70.00142,4,4583.70126045619
54965,18.51157,-70.01,5,5751.735344768662
54965,18.52001,-70.0103,6,6686.465038460199
54969,18.50544,-69.85587,0,0.0
54969,18.51181,-69.84632,1,1230.4893438773724
54969,18.51679,-69.83851,2,2222.4318391662237
54969,18.52253,-69.82931,3,3383.1803273857513
54969,18.52846,-69.8215,4,4437.14557244649
54969,18.5332,-69.81516,5,5287.650259830509
54969,18.53321,-69.8062,6,6233.666783278546
54969,18.533,-69.79573,7,7339.356667193424
54970,18.50544,-69.85587,0,0.0
54970,18.499,-69.85292,1,777.9188900355803
54970,18.49281,-69.85066,2,1503.4452941887866
54970,18.48506,-69.84896,3,2379.848553472155
54971,18.48506,-69.84896,0,0.0
54971,18.48357,-69.83444,1,1542.3308039828553
54971,18.48329,-69.82694,2,2335.0317816666648
54971,18.4829,-69.81341,3,3764.625642580868
54971,18.4829,-69.79948,4,5235.81442596321
54971,18.48284,-69.7859,5,6670.054292386805
54971,18.4836,-69.77284,6,8051.920052852234
54971,18.4836,-69.76062,7,9342.50540509705
54971,18.48426,-69.74764,8,10715.298788050466
54972,18.47896,-69.9676,0,0.0
54972,18.46608,-69.96856,1,1429.2347950038384
54972,18.45803,-69.97065,2,2347.1948731277225
54972,18.44924,-69.97421,3,3390.2656948111107
54972,18.44184,-69.97756,4,4282.516497529781
54972,18.43468,-69.98332,5,5281.679270134933
54972,18.42761,-69.99024,6,6352.579546094465
54973,18.52004,-70.0103,0,0.0
54973,18.51905,-70.00042,1,1048.9735122045531
54973,18.5262,-69.99963,2,1844.7653198169282
54973,18.53287,-69.99566,3,2693.740802011307
54973,18.53618,-69.98876,4,3509.1899113818654
54974,18.52347,-69.97704,0,0.0
54974,18.5182,-69.98196,1,781.1151487566094
54974,18.51345,-69.98868,2,1664.2530785712152
54974,18.50695,-69.98989,3,2394.9715085233183
54974,18.499,-69.99388,4,3370.6017164859077
54976,18.52004,-70.0103,0,0.0
54976,18.52377,-70.03393,1,2528.99704733408
54976,18.52053,-70.04416,2,3667.148332951663
54976,18.52621,-70.0528,3,4775.0835188484925
55930,18.47896,-69.9676,0,0.0
55930,18.47084,-69.97832,1,1445.585184724201
55930,18.47524,-69.98245,2,2099.391275119313
55930,18.48809,-69.99714,3,4204.153566777561
55930,18.50809,-69.99912,4,6427.729380312536
55930,18.5198,-70.01156,5,8273.125302589164
55930,18.52377,-70.03393,6,10675.681358386515
55930,18.52329,-70.04884,7,12250.895699661007
57835,18.533,-69.79573,0,0.0
57835,18.53302,-69.79574,1,2.4526242770662066
57835,18.53307,-69.7987,2,315.02501551977184
57835,18.5331,-69.80289,3,757.4269069458533
57835,18.53315,-69.805,4,980.2740349305241
57835,18.53316,-69.80621,5,1108.0332430486596
57835,18.53321,-69.8062,6,1113.6673835744004
57835,18.53316,-69.80621,7,1119.3015241001413
57835,18.5332,-69.8083,8,1340.0126177204656
57835,18.5332,-69.81,9,1519.5022422720358
57835,18.53321,-69.81105,10,1630.3690032106388
57835,18.53327,-69.81309,11,1845.8588645117416
57835,18.53327,-69.81401,12,1942.9943864888191
57835,18.53329,-69.81476,13,2022.211886083227
57835,18.53328,-69.81505,14,2052.8506892376026
57835,18.53326,-69.81518,15,2066.7537344218435
57835,18.5332,-69.81516,16,2073.7225562430394
57835,18.53326,-69.81518,17,2080.6913780642353
57835,18.53318,-69.81561,18,2126.947166511367
57835,18.53307,-69.81592,19,2161.868897635606
57835,18.53288,-69.81628,20,2205.3086326574557
57835,18.53274,-69.81648,21,2231.5009045767947
57835,18.53201,-69.81746,22,2362.783327915371
57835,18.53179,-69.8177,23,2397.927085961259
57835,18.53129,-69.81832,24,2483.6480987127725
57835,18.52962,-69.82034,25,2765.882553448435
57835,18.52888,-69.82127,26,2893.7532425330573
57835,18.52848,-69.82174,27,2960.2579147587385
57835,18.52836,-69.8216,28,2980.1306710587232
57835,18.52847,-69.8215,29,2996.2466636929457
57835,18.52836,-69.8216,30,3012.362656327168
57835,18.52848,-69.82174,31,3032.235412627153
57835,18.52822,-69.82205,32,3075.8191811971337
57835,18.52791,-69.82247,33,3131.889857750284
57835,18.52764,-69.82281,34,3178.600419084818
57835,18.52714,-69.82334,35,3257.3052027821977
57835,18.52682,-69.82374,36,3312.425943797527
57835,18.52579,-69.82513,37,3498.268860336495
57835,18.52464,-69.82684,38,3719.1812471175217
57835,18.52444,-69.82718,39,3761.3576669198956
57835,18.52407,-69.82777,40,3835.910382635542
57835,18.52379,-69.82816,41,3887.449177618604
57835,18.52189,-69.831,42,4253.7150225893565
57835,18.52184,-69.83095,43,4261.363639932766
57835,18.52279,-69.82952,44,4445.362416296324
57835,18.52253,-69.82931,45,4481.692420563733
57835,18.52279,-69.82952,46,4518.022424831142
57835,18.52333,-69.82871,47,4622.36478123015
57835,18.52427,-69.82734,48,4800.551781919057
57835,18.52432,-69.82737,49,4806.928504430078
57835,18.52407,-69.82777,50,4857.421263318902
57835,18.52379,-69.82816,51,4908.960058301964
57835,18.52172,-69.83124,52,5306.778734936728
57835,18.52006,-69.83364,53,5619.795459115863
57835,18.51831,-69.83622,54,5954.063365378039
57835,18.51766,-69.83739,55,6097.027970388313
57835,18.51646,-69.8397,56,6374.765107925006
57835,18.51637,-69.83964,57,6386.570870980198
57835,18.51692,-69.83859,58,6513.056638773618
57835,18.51679,-69.83851,59,6529.742200061039
57835,18.51692,-69.83859,60,6546.427761348459
57835,18.51736,-69.83776,61,6646.6918685100245
57835,18.51744,-69.83781,62,6657.001257589931
57835,18.51505,-69.8424,63,7209.1664332691
57835,18.51396,-69.84446,64,7457.9075540036865
57835,18.51382,-69.84471,65,7488.5181607119885
57835,18.51371,-69.84487,66,7509.34327513582
57835,18.51285,-69.84591,67,7654.674628995155
57835,18.51181,-69.84722,68,7834.636270237534
57835,18.51154,-69.84765,69,7888.994671164153
57835,18.5111,-69.84845,70,7986.5044247313635
57835,18.511,-69.84841,71,7998.351588143807
57835,18.51144,-69.84762,72,8094.948008166102
57835,18.51162,-69.84733,73,8131.481491472281
57835,18.51178,-69.8471,74,8161.539635489637
57835,18.51249,-69.84622,75,8283.239122230429
57835,18.51199,-69.84595,76,8345.49441596451
57835,18.51181,-69.84632,77,8389.351339360292
57835,18.51199,-69.84595,78,8433.208262756074
57835,18.51249,-69.84622,79,8495.463556490155
57835,18.51277,-69.84587,80,8543.696536119576
57835,18.51285,-69.84591,81,8553.507229648225
57835,18.51181,-69.84722,82,8733.468870890603
57835,18.51154,-69.84765,83,8787.827271817223
57835,18.51022,-69.85004,84,9079.44274930023
57835,18.50944,-69.8515,85,9256.141460921324
57835,18.50912,-69.85195,86,9315.408336379463
57835,18.50885,-69.85229,87,9362.121872407006
57835,18.50528,-69.85639,88,9948.288485605415
57835,18.50514,-69.85662,89,9977.09868203546
57835,18.50501,-69.85685,90,10005.328975155091
57835,18.50495,-69.8568,91,10013.81327180269
57835,18.50508,-69.85655,92,10043.879893673526
57835,18.5052,-69.85637,93,10067.068691490538
57835,18.5055,-69.856,94,10118.344692433384
57835,18.5054,-69.85591,95,10132.933694546504
57835,18.50544,-69.85587,96,10139.052861384567
58273,18.48506,-69.84897,0,0.0
58273,18.49282,-69.85067,1,877.4866743044113
58273,18.49902,-69.85292,2,1603.712211679711
58273,18.50544,-69.85587,3,2379.603132451637
58274,18.42761,-69.99024,0,0.0
58274,18.43468,-69.98333,1,1070.179360691196
58274,18.44186,-69.97756,2,2071.7414410668716
58274,18.44924,-69.97421,3,2961.9605162466178
58274,18.45803,-69.97065,4,4005.031337930006
58274,18.46608,-69.96856,5,4922.991416053876
58274,18.47896,-69.9676,6,6352.226211057714
58275,18.52004,-70.0103,0,0.0
58275,18.51157,-70.01,1,938.0483847820724
58275,18.50491,-70.00142,2,2106.0824690945446
58275,18.499,-69.99388,3,3136.5714382293518
58275,18.49187,-69.98452,4,4401.438295915374
58275,18.48612,-69.97727,5,5397.082727178902
58275,18.47896,-69.9676,6,6689.787832158734
58276,18.48427,-69.74764,0,0.0
58276,18.48433,-69.74764,1,6.641158691520104
58276,18.48433,-69.74917,2,168.22767506106175
58276,18.48426,-69.75039,3,297.3072137166164
58276,18.48426,-69.75059,4,318.429642732488
58276,18.48383,-69.76063,5,1379.844542633713
58276,18.4836,-69.76063,6,1405.3023160470184
58276,18.48383,-69.76063,7,1430.7600894603238
58276,18.48373,-69.76324,8,1706.6306943148375
58276,18.48366,-69.76382,9,1768.374008156883
58276,18.48363,-69.76479,10,1870.8719560102036
58276,18.48379,-69.76597,11,1996.7467348194332
58276,18.48389,-69.76684,12,2089.293809037481
58276,18.48398,-69.76788,13,2199.5814655364957
58276,18.48408,-69.7686,14,2276.423668086587
58276,18.48405,-69.76908,15,2327.2261918634467
58276,18.48391,-69.77006,16,2431.8798668289674
58276,18.48376,-69.77056,17,2487.234642548865
58276,18.48369,-69.77099,18,2533.304213281517
58276,18.48354,-69.77137,19,2576.735710909299
58276,18.48351,-69.77155,20,2596.0338067283446
58276,18.48351,-69.77175,21,2617.1563276124652
58276,18.48354,-69.77209,22,2653.217816613411
58276,18.48359,-69.77227,23,2673.017274910497
58276,18.4837,-69.77283,24,2733.400531170657
58276,18.4836,-69.77284,25,2744.5193998764444
58276,18.4837,-69.77283,26,2755.638268582232
58276,18.48392,-69.77437,27,2920.0942020403454
58276,18.48426,-69.77624,28,3121.1426987421582
58276,18.48457,-69.77775,29,3284.2665084669134
58276,18.48455,-69.77795,30,3305.5045877033554
58276,18.48453,-69.77815,31,3326.742669374624
58276,18.48442,-69.77825,32,3342.86038469043
58276,18.48419,-69.77833,33,3369.683572267182
58276,18.48407,-69.7784,34,3384.8846993494662
58276,18.48361,-69.77876,35,3448.4295553419215
58276,18.48346,-69.77894,36,3473.6693324849184
58276,18.48331,-69.77916,37,3502.2264959355816
58276,18.48308,-69.77979,38,3573.466553109087
58276,18.4829,-69.78052,39,3653.096692343359
58276,18.48286,-69.78079,40,3681.9538642768166
58276,18.48276,-69.78282,41,3896.6338519869896
58276,18.4828,-69.78547,42,4176.543455920124
58276,18.48281,-69.78591,43,4223.026372085296
58276,18.48285,-69.7859,44,4227.578033558821
58276,18.48281,-69.78591,45,4232.129695032345
58276,18.48289,-69.78709,46,4357.067232457019
58276,18.48289,-69.78791,47,4443.669879450026
58276,18.48314,-69.791,48,4771.18482920024
58276,18.48316,-69.79154,49,4828.258702475345
58276,18.48314,-69.79249,50,4928.615304804145
58276,18.4831,-69.79342,51,5026.934985746833
58276,18.48295,-69.79535,52,5231.442949293298
58276,18.48285,-69.79637,53,5339.735334214842
58276,18.48288,-69.79763,54,5472.849136572884
58276,18.48285,-69.79808,55,5520.490847693436
58276,18.48286,-69.79885,56,5601.8203942730615
58276,18.48294,-69.79948,57,5668.943203975883
58276,18.4829,-69.79948,58,5673.370642458729
58276,18.4829,-69.81341,59,7144.559425841086
58276,18.48333,-69.82695,60,8575.349203040707
58276,18.48357,-69.83444,61,9366.833805934846
58276,18.48506,-69.84896,62,10909.164609917701
58277,18.53618,-69.98877,0,0.0
58277,18.53636,-69.98884,1,21.250187747908058
58277,18.53578,-69.99074,2,231.87510416426812
58277,18.53561,-69.99119,3,282.9768621236144
58277,18.53549,-69.99143,4,311.5863937740796
58277,18.53496,-69.99234,5,424.15881626628106
58277,18.53449,-69.9931,6,519.7887893275765
58277,18.53423,-69.99356,7,576.2423094447877
58277,18.53405,-69.99394,8,621.037878239149
58277,18.53344,-69.99514,9,764.6039299761178
58277,18.53326,-69.9954,10,798.5233130927372
58277,18.53304,-69.99556,11,828.1603097606276
58277,18.53288,-69.99566,12,848.7786238499102
58277,18.5262,-69.99963,13,1698.716818868037
58277,18.51905,-70.00042,14,2494.508626480412
58277,18.52004,-70.0103,15,3543.48213868498
58278,18.52622,-70.0528,0,0.0
58278,18.52053,-70.04416,1,1108.5636302160565
58278,18.52377,-70.03393,2,2246.7149158336397
58278,18.52004,-70.0103,3,4775.711963167734
58279,18.52329,-70.04884,0,0.0
58279,18.52377,-70.03393,1,1575.2143412744917
58279,18.5198,-70.01156,2,3977.770397071843
58279,18.50809,-69.99912,3,5823.166319348471
58279,18.4881,-69.99714,4,8045.640179203852
58279,18.47524,-69.98245,5,10151.150567793986
58279,18.47084,-69.97832,6,10804.956658189098
58279,18.47896,-69.9676,7,12250.541842913313
58280,18.49901,-69.99388,0,0.0
58280,18.50695,-69.98989,1,974.6320025159803
58280,18.51346,-69.98869,2,1706.256639072817
58280,18.5182,-69.98196,3,2589.5853225641476
58280,18.52347,-69.97704,4,3370.7004713207425
58281,18.5459,-69.90031,0,0.0
58281,18.54581,-69.90038,1,12.40373519147397
58281,18.54593,-69.90058,2,37.34887461934704
58281,18.54656,-69.90087,3,113.50666068223654
58281,18.54675,-69.90097,4,137.03832586485078
58281,18.54768,-69.90141,5,249.97275469562737
58281,18.54788,-69.90147,6,272.99853385821916
58281,18.54812,-69.90151,7,299.89690524566686
58281,18.54838,-69.90151,8,328.6754539644171
58281,18.54914,-69.90139,9,413.74597156539676
58281,18.54914,-69.9012,10,433.80471619355376
58281,18.54917,-69.90113,11,441.90653277150705
58281,18.54942,-69.90102,12,471.91624221164966
58281,18.55096,-69.90045,13,652.6838438171835
58281,18.55114,-69.90037,14,674.3236273645307
58281,18.55239,-69.89996,15,819.294547171623
58281,18.55269,-69.89984,16,854.8350836880854
58281,18.5531,-69.89954,17,910.1753099972557
58281,18.55339,-69.89924,18,955.268605699006
58281,18.55389,-69.8988,19,1027.5219843943196
58281,18.55404,-69.89869,20,1047.7831156670873
58281,18.55421,-69.89858,21,1069.8947240248672
58281,18.55553,-69.89787,22,1234.1056070867635
58281,18.55546,-69.89772,23,1251.7347963492793
58281,18.55553,-69.89787,24,1269.3639856117952
58281,18.55571,-69.89776,25,1292.424807031377
58281,18.55697,-69.89393,26,1720.1272652542684
58281,18.55717,-69.89327,27,1793.2340551578673
58281,18.55729,-69.89309,28,1816.4181762495136
58281,18.55809,-69.89219,29,1946.2949641759042
58281,18.55857,-69.89182,30,2012.2375278165855
58281,18.55897,-69.89166,31,2059.6247186808614
58281,18.5593,-69.89157,32,2097.3668066388927
58281,18.55991,-69.89155,33,2164.918792908109
58281,18.55991,-69.89145,34,2175.4753648596816
58281,18.55991,-69.89155,35,2186.031936811254
58281,18.55997,-69.89155,36,2192.6731485762284
58281,18.56049,-69.89164,37,2251.0092001118464
58281,18.56086,-69.89159,38,2292.3020788506838
58281,18.56118,-69.89153,39,2328.2837486064527
58281,18.56173,-69.89119,40,2398.9544061248307
58281,18.56188,-69.89113,41,2416.72456776959
58281,18.56211,-69.89107,42,2442.9586450240167
58281,18.563,-69.89091,43,2542.907451198407
58281,18.56373,-69.8907,44,2626.6947325740766
58281,18.56428,-69.89035,45,2697.9070652640075
58281,18.56443,-69.89018,46,2722.355158546561
58281,18.56467,-69.88983,47,2767.860903537774
58281,18.56479,-69.88957,48,2798.35226685417
58281,18.5649,-69.88918,49,2841.284395348979
58281,18.56513,-69.88865,50,2902.75232845376
58281,18.56533,-69.88842,51,2935.60885413285
58281,18.56551,-69.88824,52,2963.14061849704
58281,18.56582,-69.88803,53,3003.991581841721
58281,18.56664,-69.88765,54,3103.223970827763
58281,18.56673,-69.88759,55,3115.0287843258993
58281,18.5667,-69.88752,56,3123.12991407534
58281,18.56673,-69.88759,57,3131.2310438247805
58281,18.56825,-69.88661,58,3328.735393176903
58281,18.56882,-69.88625,59,3402.3878137273423
58281,18.5692,-69.88603,60,3450.4341460455616
58281,18.56947,-69.88594,61,3481.793347917497
58281,18.57056,-69.88563,62,3606.8011839594983
58281,18.57207,-69.88528,63,3777.973237355298
58281,18.57281,-69.88503,64,3864.027811350039
58281,18.57368,-69.88459,65,3970.940929406759
58281,18.57423,-69.88414,66,4048.157699620235
58281,18.57433,-69.88407,67,4061.4660893442924
58281,18.57443,-69.88404,68,4072.9788738994685
58281,18.57473,-69.88402,69,4106.252025947586
58281,18.57485,-69.88402,70,4119.534470360813
58281,18.57486,-69.88394,71,4128.051225350646
58281,18.57485,-69.88402,72,4136.567980340478
58281,18.57519,-69.88404,73,4174.260741147038
58281,18.57565,-69.88409,74,4225.449591772078
58281,18.5769,-69.88459,75,4373.532883811713
58281,18.57892,-69.88508,76,4603.025118782243
58281,18.57925,-69.88511,77,4639.688862609764
58281,18.58041,-69.88499,78,4768.709154459968
58281,18.58123,-69.88505,79,4859.693268151605
58281,18.58144,-69.88498,80,4884.083630049747
58281,18.58273,-69.88404,81,5057.958162120747
58281,18.58352,-69.88338,82,5169.758498563344
58281,18.58448,-69.88198,83,5351.768001841672
58281,18.58532,-69.8806,84,5524.5726427138725
58281,18.58549,-69.87998,85,5592.665224646742
58281,18.58661,-69.87401,86,6234.8754326025955
58281,18.58663,-69.87382,87,6255.051611008588
58281,18.58616,-69.87117,88,6539.554368841549
58281,18.58616,-69.8711,89,6546.94283855753
58281,18.58564,-69.87099,90,6605.659521790862
58282,18.58564,-69.87099,0,0.0
58282,18.58616,-69.8711,1,58.71668323333142
58282,18.58655,-69.86957,2,225.87740657504764
58282,18.58658,-69.86947,3,236.94235442212084
58282,18.58661,-69.86957,4,248.00730051030405
58282,18.58653,-69.87025,5,320.32500765347504
58282,18.58641,-69.8708,6,379.87730992469005
58282,18.58638,-69.87108,7,409.61711231290246
58282,18.58637,-69.87137,8,440.2464548467542
58282,18.58639,-69.87167,9,471.9885734222189
58282,18.58642,-69.87196,10,502.7774937748909
58282,18.58658,-69.87271,11,583.8963413167512
58282,18.58666,-69.87322,12,638.449929544091
58282,18.58667,-69.87344,13,661.6971317111165
58282,18.58661,-69.87401,14,722.2256599509565
58282,18.58549,-69.87998,15,1364.43586790681
58282,18.58532,-69.8806,16,1432.5284498396795
58282,18.58448,-69.88198,17,1605.3330907118798
58282,18.58413,-69.88249,18,1671.6549436424975
58282,18.58377,-69.8822,19,1721.9020432057732
58282,18.58413,-69.88249,20,1772.149142769049
58282,18.58352,-69.88338,21,1887.836801070458
58282,18.58273,-69.88404,22,1999.6371375130548
58282,18.58144,-69.88498,23,2173.511669584055
58282,18.58123,-69.88505,24,2197.9020314821973
58282,18.58041,-69.88499,25,2288.886145173834
58282,18.57925,-69.88511,26,2417.9064370240376
58282,18.57892,-69.88508,27,2454.5701808515587
58282,18.5769,-69.88459,28,2684.062415822089
58282,18.57565,-69.88409,29,2832.145707861724
58282,18.57519,-69.88404,30,2883.334558486764
58282,18.57485,-69.88402,31,2921.0273192933237
58282,18.57486,-69.88394,32,2929.544074283156
58282,18.57485,-69.88402,33,2938.0608292729885
58282,18.57473,-69.88402,34,2951.343273686216
58282,18.57443,-69.88404,35,2984.6164257343335
58282,18.57433,-69.88407,36,2996.1292102895095
58282,18.57423,-69.88414,37,3009.437600013567
58282,18.57368,-69.88459,38,3086.654370227043
58282,18.57281,-69.88503,39,3193.567488283763
58282,18.57207,-69.88528,40,3279.622062278504
58282,18.57056,-69.88563,41,3450.7941156743036
58282,18.56947,-69.88594,42,3575.8019517163048
58282,18.5692,-69.88603,43,3607.1611535882403
58282,18.56882,-69.88625,44,3655.2074859064596
58282,18.56825,-69.88661,45,3728.859906456899
58282,18.56673,-69.88759,46,3926.3642558090214
58282,18.5667,-69.88752,47,3934.465385558462
58282,18.56673,-69.88759,48,3942.5665153079026
58282,18.56664,-69.88765,49,3954.371328806039
58282,18.56582,-69.88803,50,4053.6037177920807
58282,18.56551,-69.88824,51,4094.454681136762
58282,18.56533,-69.88842,52,4121.986445500952
58282,18.56513,-69.88865,53,4154.842971180042
58282,18.5649,-69.88918,54,4216.310904284823
58282,18.56479,-69.88957,55,4259.243032779632
58282,18.56467,-69.88983,56,4289.734396096028
58282,18.56443,-69.89018,57,4335.240141087241
58282,18.56428,-69.89035,58,4359.688234369794
58282,18.56373,-69.8907,59,4430.900567059725
58282,18.563,-69.89091,60,4514.687848435395
58282,18.56211,-69.89107,61,4614.636654609785
58282,18.56188,-69.89113,62,4640.870731864212
58282,18.56173,-69.89119,63,4658.640893508971
58282,18.56118,-69.89153,64,4729.311551027349
58282,18.56086,-69.89159,65,4765.293220783118
58282,18.56049,-69.89164,66,4806.5860995219555
58282,18.55997,-69.89155,67,4864.9221510575735
58282,18.55991,-69.89155,68,4871.563362822548
58282,18.55991,-69.89145,69,4882.11993477412
58282,18.55991,-69.89155,70,4892.676506725693
58282,18.5593,-69.89157,71,4960.228492994909
58282,18.55897,-69.89166,72,4997.9705809529405
58282,18.55857,-69.89182,73,5045.357771817216
58282,18.55809,-69.89219,74,5111.300335457898
58282,18.55729,-69.89309,75,5241.177123384288
58282,18.55717,-69.89327,76,5264.361244475935
58282,18.55697,-69.89393,77,5337.4680343795335
58282,18.55571,-69.89776,78,5765.170492602425
58282,18.55553,-69.89787,79,5788.231314022007
58282,18.55546,-69.89772,80,5805.860503284523
58282,18.55553,-69.89787,81,5823.489692547038
58282,18.55421,-69.89858,82,5987.700575608935
58282,18.55404,-69.89869,83,6009.812183966715
58282,18.55389,-69.8988,84,6030.073315239482
58282,18.55339,-69.89924,85,6102.326693934796
58282,18.5531,-69.89954,86,6147.419989636546
58282,18.55269,-69.89984,87,6202.7602159457165
58282,18.55239,-69.89996,88,6238.300752462179
58282,18.55131,-69.90031,89,6363.42270614102
58282,18.55141,-69.90064,90,6399.977203001501
58282,18.5515,-69.90101,91,6440.288715725124
58282,18.55154,-69.90109,92,6449.824534547079
58282,18.55137,-69.9011,93,6468.67087620456
58282,18.55007,-69.90133,94,6614.597979882557
58282,18.54911,-69.90154,95,6723.14542421425
58282,18.54867,-69.90162,96,6772.57448628993
58282,18.54848,-69.90164,97,6793.710693812522
58282,18.54828,-69.90164,98,6815.8480392851925
58282,18.54798,-69.90161,99,6849.204757829051
58282,18.54768,-69.90153,100,6883.468031555822
58282,18.54737,-69.90137,101,6921.7133521611395
58282,18.54633,-69.90092,102,7046.245684126508
58282,18.54572,-69.90061,103,7121.278498960222
58282,18.5457,-69.90065,104,7126.046534231224
58283,18.5459,-69.90031,0,0.0
58283,18.54581,-69.90038,1,12.40373519147397
58283,18.54593,-69.90058,2,37.34887461934704
58283,18.54656,-69.90087,3,113.50666068223654
58283,18.54675,-69.90097,4,137.03832586485078
58283,18.54768,-69.90141,5,249.97275469562737
58283,18.54788,-69.90147,6,272.99853385821916
58283,18.54812,-69.90151,7,299.89690524566686
58283,18.54838,-69.90151,8,328.6754539644171
58283,18.55033,-69.90119,9,547.1424604241329
58283,18.5515,-69.90101,10,678.0327402486873
58283,18.5516,-69.9012,11,700.9425098786014
58283,18.55178,-69.90108,12,724.5527038399014
58283,18.5516,-69.9012,13,748.1628978012013
58283,18.55172,-69.90141,14,774.0071511740098
58283,18.55201,-69.90179,15,825.3853384928661
58283,18.55281,-69.90272,16,957.5987723296566
58283,18.55296,-69.90288,17,981.2836413207697
58283,18.55309,-69.90299,18,999.7743445341475
58283,18.55328,-69.90309,19,1023.3058426526259
58283,18.55432,-69.90362,20,1151.2976386276423
58283,18.5554,-69.90419,21,1285.130248027417
58283,18.55554,-69.90425,22,1301.87096733434
58283,18.55586,-69.9043,23,1337.6818944034749
58283,18.55718,-69.9043,24,1483.7885003515694
58283,18.55727,-69.90432,25,1493.9716011404525
58283,18.55735,-69.90434,26,1503.0747798138764
58283,18.55763,-69.90449,27,1537.8781315539964
58283,18.55846,-69.90502,28,1645.4446821456659
58283,18.55851,-69.90493,29,1656.440036811051
58283,18.55846,-69.90502,30,1667.435391476436
58283,18.55918,-69.90548,31,1760.7592596114264
58283,18.55926,-69.90552,32,1770.5695015727833
58283,18.55954,-69.90556,33,1801.848161810136
58283,18.56107,-69.90536,34,1972.5100859266822
58283,18.56119,-69.90537,35,1985.8343951225106
58283,18.5615,-69.90543,36,2020.7270233684976
58283,18.56189,-69.9056,37,2067.476618605695
58283,18.5627,-69.90592,38,2163.285767342488
58283,18.56326,-69.90619,39,2231.5094863232516
58283,18.565,-69.90774,40,2484.2254454163485
58283,18.56548,-69.90825,41,2559.8638845205714
58283,18.56709,-69.91,42,2816.5420940980257
58283,18.56745,-69.91042,43,2876.153014455631
58283,18.56797,-69.91083,44,2948.166829931346
58283,18.56808,-69.91094,45,2964.9916778246698
58283,18.56874,-69.9114,46,3052.7108946075023
58283,18.56901,-69.91173,47,3098.6087159769086
58283,18.57001,-69.91401,48,3363.5176162402495
58283,18.57002,-69.91401,49,3364.624486048124
58283,18.57001,-69.91401,50,3365.731355855998
58283,18.57015,-69.91431,51,3400.9873278399464
58283,18.57027,-69.91451,52,3425.929952070437
58283,18.57042,-69.91463,53,3446.813367132243
58283,18.57059,-69.91473,54,3468.388791877631
58283,18.57085,-69.91487,55,3500.740083445795
58283,18.57244,-69.91559,56,3692.4419941614324
58283,18.57323,-69.91601,57,3790.48157712759
58283,18.57369,-69.91633,58,3851.583294768381
58283,18.57398,-69.91689,59,3918.8483698079945
58283,18.57487,-69.91884,60,4147.043155697291
58283,18.5751,-69.91912,61,4186.051569367904
58283,18.57626,-69.91967,62,4326.963812366303
58283,18.57684,-69.91981,63,4392.841190561594
58283,18.57721,-69.91986,64,4434.134075335023
58283,18.57722,-69.91981,65,4439.526648626546
58283,18.57721,-69.91986,66,4444.9192219180695
58283,18.57736,-69.91988,67,4461.655958277406
58283,18.57798,-69.91988,68,4530.281942011265
58283,18.57853,-69.91985,69,4591.242136960471
58283,18.58042,-69.91967,70,4801.3017542615125
58283,18.58163,-69.91951,71,4936.2937539771665
58283,18.58187,-69.91951,72,4962.858662387764
58283,18.58211,-69.91952,73,4989.444533073547
58283,18.58364,-69.92002,74,5166.82872394906
58283,18.58392,-69.92013,75,5199.9245725442015
58283,18.58395,-69.92006,76,5208.025028163422
58284,18.58395,-69.92006,0,0.0
58284,18.58392,-69.92013,1,8.100455619220156
58284,18.58364,-69.92002,2,41.19630421436159
58284,18.58211,-69.91952,3,218.5804950898746
58284,18.58187,-69.91951,4,245.16636577565805
58284,18.58163,-69.91951,5,271.7312741862552
58284,18.58042,-69.91967,6,406.7232739019091
58284,18.57853,-69.91985,7,616.7828912029509
58284,18.57798,-69.91988,8,677.743086152157
58284,18.57736,-69.91988,9,746.3690698860155
58284,18.57721,-69.91986,10,763.1058062453521
58284,18.57722,-69.91981,11,768.4983795368753
58284,18.57721,-69.91986,12,773.8909528283984
58284,18.57684,-69.91981,13,815.1838376018277
58284,18.57626,-69.91967,14,881.0612157971191
58284,18.5751,-69.91912,15,1021.9734587955172
58284,18.57487,-69.91884,16,1060.9818724661309
58284,18.57398,-69.91689,17,1289.1766583554272
58284,18.57369,-69.91633,18,1356.4417333950405
58284,18.57323,-69.91601,19,1417.5434510358318
58284,18.57244,-69.91559,20,1515.5830340019893
58284,18.57085,-69.91487,21,1707.2849447176268
58284,18.57059,-69.91473,22,1739.6362362857908
58284,18.57042,-69.91463,23,1761.2116610311787
58284,18.57027,-69.91451,24,1782.0950760929845
58284,18.57015,-69.91431,25,1807.0377003234753
58284,18.57001,-69.91401,26,1842.2936723074235
58284,18.57002,-69.91401,27,1843.4005421152979
58284,18.57001,-69.91401,28,1844.5074119231722
58284,18.56901,-69.91173,29,2109.416312186513
58284,18.56874,-69.9114,30,2155.3141335559194
58284,18.56808,-69.91094,31,2243.033350338752
58284,18.56797,-69.91083,32,2259.8581982320757
58284,18.56745,-69.91042,33,2331.8720137077908
58284,18.56709,-69.91,34,2391.482934065396
58284,18.56548,-69.90825,35,2648.16114364285
58284,18.565,-69.90774,36,2723.799582747073
58284,18.56326,-69.90619,37,2976.51554184017
58284,18.5627,-69.90592,38,3044.739260820934
58284,18.56189,-69.9056,39,3140.5484095577267
58284,18.5615,-69.90543,40,3187.298004794924
58284,18.56119,-69.90537,41,3222.190633040911
58284,18.56107,-69.90536,42,3235.5149422367394
58284,18.55954,-69.90556,43,3406.1768663532857
58284,18.55926,-69.90552,44,3437.4555265906383
58284,18.55918,-69.90548,45,3447.2657685519953
58284,18.55846,-69.90502,46,3540.5896366869856
58284,18.55851,-69.90493,47,3551.5849913523707
58284,18.55846,-69.90502,48,3562.580346017756
58284,18.55763,-69.90449,49,3670.1468966094253
58284,18.55735,-69.90434,50,3704.9502483495453
58284,18.55727,-69.90432,51,3714.053427022969
58284,18.55718,-69.9043,52,3724.2365278118523
58284,18.55586,-69.9043,53,3870.343133759947
58284,18.55554,-69.90425,54,3906.1540608290816
58284,18.5554,-69.90419,55,3922.8947801360046
58284,18.55432,-69.90362,56,4056.7273895357794
58284,18.55328,-69.90309,57,4184.719185510796
58284,18.55309,-69.90299,58,4208.250683629274
58284,18.55296,-69.90288,59,4226.741386842652
58284,18.55281,-69.90272,60,4250.426255833765
58284,18.55201,-69.90179,61,4382.6396896705555
58284,18.55172,-69.90141,62,4434.017876989412
58284,18.5516,-69.9012,63,4459.86213036222
58284,18.55178,-69.90108,64,4483.47232432352
58284,18.5516,-69.9012,65,4507.08251828482
58284,18.55154,-69.90109,66,4520.460207920405
58284,18.55137,-69.9011,67,4539.3065495778865
58284,18.55007,-69.90133,68,4685.233653255884
58284,18.54911,-69.90154,69,4793.781097587576
58284,18.54867,-69.90162,70,4843.2101596632565
58284,18.54848,-69.90164,71,4864.346367185848
58284,18.54828,-69.90164,72,4886.483712658519
58284,18.54798,-69.90161,73,4919.840431202378
58284,18.54768,-69.90153,74,4954.103704929148
58284,18.54737,-69.90137,75,4992.349025534466
58284,18.54633,-69.90092,76,5116.881357499835
58284,18.54572,-69.90061,77,5191.914172333549
58284,18.5457,-69.90065,78,5196.68220760455
58285,18.4818,-69.95478,0,0.0
58285,18.47277,-69.95265,1,1024.497867316124
58285,18.46717,-69.95117,2,1663.7457867522317
58285,18.46098,-69.94893,3,2388.592220122635
58285,18.45771,-69.94764,4,2775.3334272694774
58286,18.45771,-69.94764,0,0.0
58286,18.46098,-69.94893,1,386.7412071468425
58286,18.46717,-69.95117,2,1111.5876405172457
58286,18.47277,-69.95265,3,1750.8355599533534
58286,18.4818,-69.95478,4,2775.3334272694774
58287,18.48408,-69.94064,0,0.0
58287,18.48128,-69.93904,1,352.99490553190117
58287,18.47857,-69.93751,2,693.7101170360402
58287,18.47272,-69.93424,3,1427.5711432273383
58287,18.4655,-69.93022,4,2332.5168029866472
58288,18.46549,-69.93022,0,0.0
58288,18.46552,-69.93017,1,6.238355524663348
58288,18.46797,-69.93155,2,314.1093016175146
58288,18.46825,-69.93169,3,348.44824793716543
58288,18.47006,-69.93271,4,575.9195930990973
58288,18.47098,-69.93321,5,690.629960214399
58288,18.47274,-69.93422,6,912.7325222118234
58288,18.47272,-69.93424,7,915.7923766078602
58288,18.47274,-69.93422,8,918.852231003897
58288,18.47373,-69.93477,9,1042.8766192854673
58288,18.47492,-69.9354,10,1190.445768540434
58288,18.47679,-69.93648,11,1426.7781636369473
58288,18.47858,-69.93747,12,1650.803622019972
58288,18.47857,-69.93751,13,1655.170840126695
58288,18.47858,-69.93747,14,1659.5380582334183
58288,18.48119,-69.93892,15,1986.5088594687404
58288,18.48325,-69.94002,16,2242.4122135581856
58288,18.48406,-69.94043,17,2341.9768713927187
58288,18.4842,-69.94053,18,2360.7296464541287
58288,18.48415,-69.94069,19,2378.510794615082
58288,18.48377,-69.94045,20,2427.618516047747
58288,18.48125,-69.93908,21,2741.84200004788
58288,18.48128,-69.93904,22,2747.215373321116
58288,18.48125,-69.93908,23,2752.5887465943524
58288,18.48115,-69.93903,24,2764.852497250482
58288,18.48119,-69.93892,25,2777.285096968233
58288,18.48325,-69.94002,26,3033.1884510576783
58288,18.48406,-69.94043,27,3132.7531088922115
58288,18.4842,-69.94053,28,3151.5058839536214
58288,18.48415,-69.94069,29,3169.2870321145747
58288,18.48407,-69.94064,30,3179.596917043702
58289,18.48156,-69.9064,0,0.0
58289,18.48,-69.90299,1,399.39847566586104
58289,18.4792,-69.89897,2,833.1063418369449
58290,18.4792,-69.89897,0,0.0
58290,18.48,-69.90299,1,433.7078661710839
58290,18.48156,-69.9064,2,833.1063418369449
58291,18.48343,-69.89187,0,0.0
58291,18.48772,-69.89505,1,581.6072747714352
58291,18.49,-69.89686,2,898.1938972325297
58291,18.4931,-69.89952,3,1341.6463029816514
58292,18.4931,-69.89952,0,0.0
58292,18.49,-69.89686,1,443.4524057491217
58292,18.48772,-69.89505,2,760.0390282102162
58292,18.48343,-69.89187,3,1341.6463029816514
58293,18.49579,-69.89569,0,0.0
58293,18.49238,-69.8933,1,454.0547399977222
58293,18.49008,-69.89149,2,772.407288597984
58293,18.48628,-69.88867,3,1287.7776376115798
58294,18.48628,-69.88867,0,0.0
58294,18.49008,-69.89149,1,515.3703490135958
58294,18.49238,-69.8933,2,833.7228976138576
58294,18.49579,-69.89569,3,1287.7776376115798
58295,18.48532,-69.87019,0,0.0
58295,18.48544,-69.87018,1,13.324240063899197
58295,18.48552,-69.87014,2,23.13519904826535
58295,18.48627,-69.87009,3,106.31747538998025
58295,18.48637,-69.87011,4,117.58581037586555
58295,18.49183,-69.86954,5,724.9221987482451
58295,18.49183,-69.86968,6,739.7072498275666
58295,18.49369,-69.86954,7,946.1135608550685
58295,18.49473,-69.86945,8,1061.618811463588
58295,18.49863,-69.86895,9,1496.5120670742472
58295,18.49864,-69.86914,10,1516.6072078849538
58295,18.50034,-69.86901,11,1705.2738090159546
58295,18.50071,-69.86905,12,1746.4449562709779
58295,18.50096,-69.86912,13,1775.0868487437256
58295,18.50123,-69.86922,14,1806.7830102104635
58295,18.50153,-69.86945,15,1847.9236728851392
58295,18.50464,-69.87209,16,2290.889262816636
58295,18.50452,-69.87223,17,2310.7635199093784
58295,18.50541,-69.87306,18,2442.62123818876
58295,18.50614,-69.87354,19,2538.004757797171
58295,18.50754,-69.87436,20,2715.5174739616923
58295,18.5078,-69.87466,21,2758.3167532986263
58295,18.5079,-69.87481,22,2777.640548972646
58295,18.50798,-69.87489,23,2789.878799020138
58295,18.50821,-69.87518,24,2829.7019983045175
58295,18.50826,-69.87523,25,2837.3508984662476
58295,18.50871,-69.87585,26,2919.6143881797616
58295,18.50862,-69.87592,27,2932.0190441205923
58296,18.5092,-69.8761,0,0.0
58296,18.5044,-69.87211,1,678.0843792445667
58296,18.4979,-69.86914,2,1462.9354899560567
58296,18.49154,-69.8697,3,2169.378827904118
58296,18.48532,-69.87018,4,2859.7096661103133
58297,18.48496,-69.86578,0,0.0
58297,18.48496,-69.8658,1,2.112234325846657
58297,18.48484,-69.86581,2,15.43647395275184
58297,18.48483,-69.86574,3,22.911700210766867
58297,18.4851,-69.86572,4,52.871467923163436
58297,18.48603,-69.86564,5,156.15559264307376
58297,18.48608,-69.86567,6,162.53264520867378
58297,18.48814,-69.86554,7,390.95879644487286
58297,18.48918,-69.86542,8,506.76777433484676
58297,18.49025,-69.86534,9,625.5028078915493
58297,18.49017,-69.86428,10,737.7974840574898
58297,18.4912,-69.86419,11,852.1996375769377
58297,18.49128,-69.86517,12,956.073461756605
58297,18.49129,-69.86516,13,957.6033120773791
58297,18.49128,-69.86517,14,959.1331623981532
58297,18.49128,-69.86528,15,970.7500253142207
58297,18.49545,-69.86493,16,1433.788620832318
58297,18.49576,-69.86494,17,1468.1175623594027
58297,18.49654,-69.86507,18,1555.537451804208
58297,18.49832,-69.8654,19,1755.6171235867077
58297,18.49833,-69.86537,20,1758.9730193977011
58297,18.49832,-69.8654,21,1762.3289152086945
58297,18.50268,-69.86651,22,2258.952415126754
58297,18.50269,-69.86644,23,2266.426884467306
58297,18.50268,-69.86651,24,2273.901353807858
58297,18.50307,-69.86653,25,2317.1206051439513
58297,18.50385,-69.86633,26,2406.0015977474686
58297,18.50475,-69.8662,27,2506.560644368874
58297,18.50637,-69.86594,28,2687.9621329029032
58297,18.5099,-69.86541,29,3082.6725715374923
58297,18.50987,-69.8648,30,3147.1719326428138
58297,18.51001,-69.8648,31,3162.668011518399
58297,18.51029,-69.86482,32,3193.732044004195
58297,18.51057,-69.86497,33,3228.537230911141
58297,18.51069,-69.8651,34,3247.6386596971424
58297,18.51044,-69.86539,35,3288.9118300345144
58298,18.51044,-69.86539,0,0.0
58298,18.50269,-69.86643,1,864.8197952100309
58298,18.49833,-69.86537,2,1360.2235970383044
58298,18.49129,-69.86516,3,2139.769269367127
58298,18.48496,-69.86578,4,2843.4647460749256
59005,18.47625,-69.91346,0,0.0
59005,18.47701,-69.90367,1,1037.4048872104322
59005,18.4812,-69.89659,2,1917.3059376387391
59005,18.48628,-69.88867,3,2925.1818805079383
59005,18.48534,-69.87743,4,4116.802680772467
59005,18.49154,-69.86969,5,5184.096533776523
59005,18.49833,-69.86537,6,6063.285714487662
59005,18.50544,-69.85587,7,7338.343146698811
59005,18.51181,-69.84632,8,8568.832490576198
59005,18.51679,-69.83851,9,9560.77498586505
59005,18.52253,-69.82931,10,10721.523474084563
59005,18.52846,-69.8215,11,11775.488719145302
59005,18.5332,-69.81516,12,12625.993406529335
59006,18.47625,-69.91346,0,0.0
59006,18.47052,-69.92233,1,1131.3330702215026
59006,18.46572,-69.93037,2,2133.0383451648813
59006,18.46144,-69.93868,3,3130.4630486058013
59006,18.45771,-69.94764,4,4163.01455252734
59006,18.45382,-69.95649,5,5192.227805863717
59006,18.45031,-69.96534,6,6204.584734690725
59006,18.44951,-69.97414,7,7138.364501999167
59007,18.44971,-69.97423,0,0.0
59007,18.45123,-69.96319,1,1178.2597435648786
59007,18.45129,-69.96314,2,1186.7450343333767
59007,18.45382,-69.95649,3,1942.9560362645134
59007,18.45771,-69.94764,4,2972.16928960089
59007,18.46144,-69.93868,5,4004.7207935224287
59007,18.46572,-69.93037,6,5002.145496963349
59007,18.47052,-69.92233,7,6003.8507719067275
59007,18.47647,-69.9135,8,7145.558497343329
59009,18.42775,-69.99102,0,0.0
59009,18.42777,-69.99104,1,3.060226450150367
59009,18.42747,-69.99212,2,121.89239988327608
59009,18.42737,-69.99209,3,133.4057630620082
59009,18.42774,-69.99073,4,282.8080565966957
59009,18.42787,-69.98993,5,368.5415169718617
59009,18.4283,-69.98762,6,617.182710780995
59009,18.42856,-69.98514,7,880.7612576132524
59009,18.42864,-69.98412,8,988.883566385397
59009,18.42869,-69.98372,9,1031.5028744353622
59009,18.42873,-69.98329,10,1077.145944246411
59009,18.42871,-69.98327,11,1080.2061627637886
59009,18.42873,-69.98329,12,1083.266381281166
59009,18.42911,-69.98005,13,1428.133868249046
59009,18.43002,-69.9757,14,1898.6007938332332
59009,18.43012,-69.97575,15,1910.8651639881136
59009,18.43021,-69.97577,16,1921.048457111785
59009,18.43021,-69.97579,17,1923.1613611653156
59009,18.43021,-69.97577,18,1925.2742652188463
59009,18.43012,-69.97575,19,1935.4575583425176
59009,18.43002,-69.9757,20,1947.721928497398
59009,18.43165,-69.96817,21,2763.4298069826036
59009,18.43175,-69.96821,22,2775.277576668159
59009,18.43156,-69.96907,23,2868.5338921785296
59009,18.43158,-69.96907,24,2870.747599446011
59009,18.43156,-69.96907,25,2872.9613067134924
59009,18.43141,-69.9698,26,2951.848655208916
59009,18.43131,-69.96977,27,2963.362002927199
59009,18.43212,-69.96599,28,3372.6379489010724
59009,18.43263,-69.96433,29,3556.8681882170204
59009,18.43322,-69.9623,30,3781.0471493079967
59009,18.43355,-69.96158,31,3865.42584525203
59009,18.43401,-69.96071,32,3970.4958638704557
59009,18.43411,-69.96078,33,3983.807459550473
59009,18.43368,-69.96163,34,4085.437525035086
59009,18.43358,-69.96178,35,4104.766856839327
59009,18.4334,-69.96216,36,4149.583313213225
59009,18.43343,-69.96216,37,4152.903874759242
59009,18.4334,-69.96216,38,4156.22443630526
59009,18.43331,-69.96238,39,4181.510865534394
59009,18.43322,-69.9623,40,4194.574649481889
59009,18.43355,-69.96158,41,4278.953345425922
59009,18.43401,-69.96071,42,4384.0233640443475
59009,18.43582,-69.95755,43,4773.354399456963
59009,18.43661,-69.95609,44,4950.653450901067
59009,18.437,-69.95542,45,5033.558016588184
59009,18.4372,-69.95502,46,5081.261828700808
59009,18.43732,-69.95471,47,5116.601524559868
59009,18.43742,-69.95475,48,5128.449250998994
59009,18.43723,-69.95518,49,5178.506746929925
59009,18.43702,-69.95562,50,5230.476544968056
59009,18.43668,-69.95621,51,5303.284924193489
59009,18.43661,-69.95609,52,5318.142121614917
59009,18.43687,-69.95565,53,5372.811803946999
59009,18.4372,-69.95502,54,5448.730034469307
59009,18.43743,-69.95444,55,5515.079963948374
59009,18.43762,-69.9538,56,5585.885276012559
59009,18.43894,-69.94898,57,6115.618329134682
59009,18.43918,-69.94841,58,6181.432318902487
59009,18.43956,-69.94768,59,6269.27366241315
59009,18.43958,-69.94768,60,6271.487371543975
59009,18.43956,-69.94768,61,6273.7010806748
59009,18.44087,-69.94522,62,6571.28795666396
59009,18.441,-69.94486,63,6611.949005613191
59009,18.44122,-69.94423,64,6682.816261648404
59009,18.44162,-69.94316,65,6804.210956382885
59009,18.44182,-69.94269,66,6858.572409686545
59009,18.44236,-69.9415,67,6997.767466245947
59009,18.44241,-69.94152,68,7003.691310335329
59009,18.44236,-69.9415,69,7009.615154424711
59009,18.44346,-69.93911,70,7289.913050834875
59009,18.44473,-69.9364,71,7608.838998350693
59009,18.44487,-69.93611,72,7643.169730964029
59009,18.4453,-69.93539,73,7732.891981367633
59009,18.44547,-69.93518,74,7761.98101427409
59009,18.44556,-69.93504,75,7779.812180880428
59009,18.4456,-69.93505,76,7784.363878338569
59009,18.44556,-69.93504,77,7788.915575796709
59009,18.44578,-69.93465,78,7836.77195390148
59009,18.44629,-69.93393,79,7931.488984330586
59009,18.44698,-69.93306,80,8050.983442186465
59009,18.44738,-69.93258,81,8118.297445450764
59009,18.44793,-69.932,82,8204.667507978651
59009,18.44942,-69.93035,83,8444.622048784426
59009,18.44988,-69.92966,84,8533.531486400258
59009,18.45038,-69.92881,85,8639.005288473301
59009,18.45104,-69.92766,86,8780.756717277429
59009,18.45025,-69.92716,87,8882.911517754692
59009,18.4495,-69.92666,88,8981.30332126256
59009,18.4496,-69.9265,89,9001.50649693844
59009,18.45111,-69.92747,90,9197.549953462585
59009,18.4511,-69.92749,91,9199.93499318263
59358,18.44971,-69.97423,0,0.0
59358,18.45495,-69.98148,1,960.6698382648174
59358,18.46251,-69.98062,2,1802.3698511098046
59358,18.47084,-69.97832,3,2755.849434826756
59358,18.47524,-69.98245,4,3409.655525221897
60487,18.52004,-70.0103,0,0.0
60487,18.51157,-70.01001,1,938.0133198039839
60487,18.50491,-70.00142,2,2106.8666973086656
60487,18.49901,-69.99388,3,3136.653367015824
60487,18.49188,-69.98452,4,4401.520180394698
60487,18.48612,-69.97727,5,5397.872495503339
60487,18.47896,-69.9676,6,6690.577600483142
60487,18.48001,-69.96241,7,7250.9052019893425
60487,18.4818,-69.95478,8,8080.7406377202715
60487,18.48237,-69.94615,9,8994.365943433077
60487,18.48407,-69.94064,10,9605.958017879864
60487,18.4827,-69.93113,11,10621.717324047815
60487,18.48227,-69.92086,12,11707.40896299167
60487,18.48186,-69.91417,13,12415.419101772364
60487,18.48156,-69.9064,14,13236.709153708303
60487,18.48743,-69.90439,15,13920.235043430526
60487,18.49308,-69.89952,16,14729.934669680719
60487,18.49579,-69.89569,17,15233.494094110385
60487,18.49974,-69.88988,18,15986.89094047976
60487,18.50382,-69.88408,19,16747.866620231303
60487,18.50719,-69.87929,20,17376.350564537453
60487,18.51081,-69.87011,21,18425.276711800718
60487,18.51024,-69.85991,22,19504.20263128908
60487,18.50544,-69.85587,23,20185.57875252969
60488,18.50544,-69.85587,0,0.0
60488,18.51024,-69.85991,1,681.3761212406098
60488,18.51044,-69.86539,2,1260.4663646022673
60488,18.51081,-69.87011,3,1760.5591522674076
60488,18.50719,-69.87929,4,2809.485299530672
60488,18.50382,-69.88408,5,3437.969243836822
60488,18.49974,-69.88988,6,4198.944923588366
60488,18.49579,-69.89569,7,4952.34176995774
60488,18.49308,-69.89952,8,5455.901194387407
60488,18.48743,-69.90439,9,6265.600820637599
60488,18.48156,-69.9064,10,6949.126710359822
60488,18.48186,-69.91417,11,7770.416762295761
60488,18.48227,-69.92086,12,8478.426901076455
60488,18.4827,-69.93113,13,9564.11854002031
60488,18.48407,-69.94064,14,10579.877846188261
60488,18.48237,-69.94615,15,11191.469920635049
60488,18.4818,-69.95478,16,12105.095226347854
60488,18.48001,-69.96241,17,12934.930662078783
60488,18.47896,-69.9676,18,13495.258263584983
60488,18.48612,-69.97727,19,14787.963368564786
60488,18.49188,-69.98452,20,15784.315683673427
60488,18.49901,-69.99388,21,17049.1824970523
60488,18.50491,-70.00142,22,18078.96916675946
60488,18.51157,-70.01001,23,19247.82254426414
60488,18.52004,-70.0103,24,20185.835864068125
60490,18.48506,-69.84897,0,0.0
60490,18.49282,-69.85067,1,877.4866743044113
60490,18.49902,-69.85292,2,1603.7122116797254
60490,18.50544,-69.85587,3,2379.6031324516516
60490,18.51024,-69.85991,4,3060.9792536922614
60490,18.51044,-69.86539,5,3640.069497053919
60490,18.51081,-69.87011,6,4140.162284719059
60490,18.50719,-69.87929,7,5189.0884319823235
60490,18.50382,-69.88408,8,5817.572376288474
60490,18.49974,-69.88988,9,6578.548056040017
60490,18.49579,-69.89569,10,7331.944902409392
60490,18.49308,-69.89952,11,7835.504326839058
60490,18.48743,-69.90439,12,8645.20395308925
60490,18.48156,-69.9064,13,9328.729842811474
60490,18.48186,-69.91417,14,10150.019894747413
60490,18.48227,-69.92086,15,10858.030033528106
60490,18.4827,-69.93113,16,11943.721672471962
60490,18.48407,-69.94064,17,12959.480978639913
60490,18.48237,-69.94615,18,13571.0730530867
60490,18.4818,-69.95478,19,14484.698358799506
60490,18.48001,-69.96241,20,15314.533794530435
60490,18.47896,-69.9676,21,15874.861396036635
60490,18.48612,-69.97727,22,17167.566501016438
60490,18.49187,-69.98452,23,18163.210932279995
60490,18.499,-69.99388,24,19428.077789966017
60490,18.50491,-70.00142,25,20458.566759100824
60490,18.51157,-70.01,26,21626.600843413325
60490,18.52004,-70.0103,27,22564.649228195427
60491,18.52004,-70.0103,0,0.0
60491,18.51157,-70.01,1,938.0483847821015
60491,18.50491,-70.00142,2,2106.082469094603
60491,18.499,-69.99388,3,3136.57143822941
60491,18.49187,-69.98452,4,4401.438295915432
60491,18.48612,-69.97727,5,5397.082727178989
60491,18.47896,-69.9676,6,6689.787832158792
60491,18.48001,-69.96241,7,7250.115433664992
60491,18.4818,-69.95478,8,8079.9508693959215
60491,18.48237,-69.94615,9,8993.576175108727
60491,18.48407,-69.94064,10,9605.168249555514
60491,18.4827,-69.93113,11,10620.927555723465
60491,18.48227,-69.92086,12,11706.61919466732
60491,18.48186,-69.91417,13,12414.629333448014
60491,18.48156,-69.9064,14,13235.919385383953
60491,18.48743,-69.90439,15,13919.445275106176
60491,18.49308,-69.89952,16,14729.144901356369
60491,18.49579,-69.89569,17,15232.704325786035
60491,18.49974,-69.88988,18,15986.10117215541
60491,18.50382,-69.88408,19,16747.076851906953
60491,18.50719,-69.87929,20,17375.560796213103
60491,18.51081,-69.87011,21,18424.486943476368
60491,18.51024,-69.85991,22,19503.41286296473
60491,18.50544,-69.85587,23,20184.78898420534
60491,18.49902,-69.85292,24,20960.679904977267
60491,18.49282,-69.85067,25,21686.90544235258
60491,18.48506,-69.84897,26,22564.392116656993
60492,18.5332,-69.81516,0,0.0
60492,18.52846,-69.8215,1,850.5046873840038
60492,18.52253,-69.82931,2,1904.4699324447429
60492,18.51679,-69.83851,3,3065.218420664256
60492,18.51181,-69.84632,4,4057.160915953107
60492,18.50544,-69.85587,5,5287.650259830465
60492,18.49833,-69.86537,6,6562.707692041644
60492,18.49154,-69.86969,7,7441.896872752754
60492,18.48534,-69.87743,8,8509.19072575681
60492,18.48628,-69.88867,9,9700.811526021338
60492,18.4812,-69.89659,10,10708.687468890566
60492,18.47701,-69.90367,11,11588.588519318844
60492,18.47625,-69.91346,12,12625.993406529306
60740,18.47084,-69.97832,0,0.0
60740,18.46251,-69.98062,1,953.4795837169513
60740,18.45495,-69.98148,2,1795.1795965619385
60740,18.44971,-69.97424,3,2755.0075687993085
60741,18.4511,-69.92749,0,0.0
60741,18.44561,-69.93506,1,1004.3384499991662
60741,18.44241,-69.94152,2,1773.1956331684487
60741,18.43958,-69.94768,3,2495.39628851373
60741,18.43723,-69.95517,4,3328.2986760607455
60741,18.43343,-69.96216,5,4178.1216110442765
60741,18.43158,-69.96907,6,4936.295707051642
60741,18.43021,-69.97579,7,5662.242785771668
60741,18.42872,-69.98328,8,6470.532636352698
60741,18.42761,-69.99024,9,7216.025639988598
61568,18.53757,-69.93975,0,0.0
61568,18.53968,-69.92835,1,1226.0481015346595
61568,18.53975,-69.90451,2,3743.0426660040976
61568,18.5392,-69.89466,3,4784.769048695802
61568,18.53867,-69.88525,4,5779.994255824829
61568,18.54113,-69.87284,5,7118.211792208371
61568,18.54312,-69.86069,6,8419.74205991166
61569,18.54312,-69.86069,0,0.0
61569,18.54113,-69.87284,1,1301.5302677032887
61569,18.53867,-69.88525,2,2639.74780408683
61569,18.5392,-69.89466,3,3634.9730112158577
61569,18.53975,-69.90451,4,4676.699393907562
61569,18.53968,-69.92835,5,7193.693958377
61569,18.53757,-69.93975,6,8419.74205991166
61570,18.4511,-69.92749,0,0.0
61570,18.45507,-69.93013,1,520.440276317473
61570,18.46022,-69.93404,2,1224.3653318832512
61570,18.4627,-69.93614,3,1577.2851120915147
61570,18.46695,-69.93855,4,2112.1565512070083
61570,18.47194,-69.94128,5,2735.2160536648007
61570,18.47547,-69.94324,6,3177.38922700868
61570,18.47874,-69.94512,7,3590.2189113941276
61570,18.48237,-69.94615,8,4006.474680489453
61570,18.48231,-69.94614,9,4013.1992911020643
61570,18.48246,-69.94521,10,4112.813023848052
61570,18.48255,-69.94484,11,4153.139685333299
61570,18.48257,-69.94451,12,4188.062270500639
61570,18.48299,-69.94315,13,4339.031796925585
61570,18.48333,-69.94221,14,4445.201443667989
61570,18.48406,-69.94044,15,4648.850955956033
61570,18.4842,-69.94053,16,4667.0299020948005
61570,18.48415,-69.94069,17,4684.811050255725
61570,18.48409,-69.94064,18,4693.295733239676
61570,18.48911,-69.94637,19,5514.846548316884
61570,18.48844,-69.95417,20,6341.931138819666
61570,18.48799,-69.95969,21,6927.020771101408
61570,18.49361,-69.95914,22,7551.782330158341
61570,18.50038,-69.95868,23,8302.700344805606
61571,18.50038,-69.95868,0,0.0
61571,18.49361,-69.95914,1,750.9180146472645
61571,18.48799,-69.95969,2,1375.6795737041975
61571,18.48844,-69.95417,3,1960.76920598594
61571,18.48911,-69.94637,4,2787.853796488722
61571,18.48409,-69.94064,5,3609.4046115659294
61571,18.48237,-69.94615,6,4221.681363470561
61571,18.47874,-69.94512,7,4637.937132565887
61571,18.47547,-69.94324,8,5050.7668169513345
61571,18.47194,-69.94128,9,5492.939990295214
61571,18.46695,-69.93855,10,6115.999492753006
61571,18.4627,-69.93614,11,6650.8709318685
61571,18.46022,-69.93404,12,7003.790712076763
61571,18.45507,-69.93013,13,7707.715767642541
61571,18.4511,-69.92749,14,8228.156043960014
61572,18.50038,-69.95868,0,0.0
61572,18.49556,-69.96363,1,746.917327663512
61572,18.49182,-69.96714,2,1302.5883305011666
61572,18.48865,-69.96909,3,1709.4334673990961
61572,18.48391,-69.96717,4,2271.9067700868472
61572,18.47896,-69.9676,5,2821.6811117284233
61572,18.48002,-69.96242,6,3381.206608515
61572,18.47552,-69.96139,7,3891.0343342951965
61572,18.47087,-69.96031,8,4418.212270092918
61572,18.46469,-69.9587,9,5123.070986205421
61572,18.4595,-69.95727,10,5717.055438540294
61572,18.45461,-69.95453,11,6330.8308812959
61572,18.4513,-69.95275,12,6742.631123869796
61572,18.44895,-69.95156,13,7031.524032429617
61572,18.44526,-69.94943,14,7497.829531131603
61572,18.44066,-69.94557,15,8150.137449097005
61572,18.44067,-69.94559,16,8152.522601303121
61572,18.44087,-69.94522,17,8197.442449421273
61572,18.44101,-69.94487,18,8237.53193231026
61572,18.44122,-69.94423,19,8309.024679555965
61572,18.44162,-69.94316,20,8430.419374290446
61572,18.44182,-69.94269,21,8484.780827594106
61572,18.44236,-69.94151,22,8623.022596154071
61572,18.44241,-69.94152,23,8628.656788874941
61572,18.44561,-69.93506,24,9397.513972044224
61572,18.4511,-69.92749,25,10401.85242204339
61573,18.4511,-69.92749,0,0.0
61573,18.44561,-69.93506,1,1004.3384499991662
61573,18.44241,-69.94152,2,1773.1956331684487
61573,18.44066,-69.94557,3,2242.836304974975
61573,18.44526,-69.94943,4,2895.1442229403765
61573,18.44895,-69.95156,5,3361.4497216423624
61573,18.4513,-69.95275,6,3650.3426302021835
61573,18.45461,-69.95453,7,4062.1428727760795
61573,18.4595,-69.95727,8,4675.918315531686
61573,18.46469,-69.9587,9,5269.902767866559
61573,18.47087,-69.96031,10,5974.761483979062
61573,18.47552,-69.96139,11,6501.939419776783
61573,18.48002,-69.96242,12,7011.76714555698
61573,18.47896,-69.9676,13,7571.2926423435565
61573,18.48391,-69.96717,14,8121.0669839851325
61573,18.48865,-69.96909,15,8683.540286672884
61573,18.49182,-69.96714,16,9090.385423570813
61573,18.49556,-69.96363,17,9646.056426408468
61573,18.50038,-69.95868,18,10392.97375407198
61574,18.4513,-69.97975,0,0.0
61574,18.44951,-69.97414,1,624.8436341427732
61574,18.4497,-69.96848,2,1223.0981514278683
61574,18.45168,-69.96146,3,1996.3469744987087
61574,18.45315,-69.95774,4,2421.6507352513145
61574,18.45461,-69.95453,5,2797.2655860472005
61574,18.45633,-69.95108,6,3208.4202720571775
61574,18.45771,-69.94764,7,3602.5828902855865
61574,18.45874,-69.94447,8,3956.300190128037
61574,18.45966,-69.94176,9,4260.123914990923
61574,18.4627,-69.93613,10,4943.396406506479
61574,18.4655,-69.93022,11,5640.337525097304
61574,18.46728,-69.92668,12,6062.975232805242
61574,18.46888,-69.92354,13,6438.950380228227
61574,18.47261,-69.91912,14,7062.162630722625
61574,18.47625,-69.91346,15,7783.057241006463
61574,18.4754,-69.90706,16,8465.524144431693
61574,18.47701,-69.90367,17,8865.46258951613
61574,18.47919,-69.89897,18,9417.396660174127
61574,18.48237,-69.89597,19,9890.978965223301
61574,18.48342,-69.89187,20,10339.31767599855
61574,18.48628,-69.88867,21,10802.380154428247
61574,18.48644,-69.88361,22,11337.064470895682
61574,18.48598,-69.87727,23,12008.570962919272
61574,18.48532,-69.87018,24,12760.910176360165
61574,18.48496,-69.86578,25,13227.306539339595
61574,18.48442,-69.85945,26,13898.49636961281
61574,18.48468,-69.85554,27,14312.440742448089
61574,18.48506,-69.84896,28,15008.637905568932
61575,18.48506,-69.84896,0,0.0
61575,18.48468,-69.85554,1,696.1971631208435
61575,18.48442,-69.85945,2,1110.1415359561215
61575,18.48496,-69.86578,3,1781.3313662293367
61575,18.48532,-69.87018,4,2247.7277292087674
61575,18.48598,-69.87727,5,3000.0669426496606
61575,18.48644,-69.88361,6,3671.5734346732497
61575,18.48628,-69.88867,7,4206.257751140685
61575,18.48342,-69.89187,8,4669.320229570381
61575,18.48237,-69.89597,9,5117.658940345631
61575,18.47919,-69.89897,10,5591.241245394805
61575,18.47701,-69.90367,11,6143.175316052802
61575,18.4754,-69.90706,12,6543.11376113724
61575,18.47625,-69.91346,13,7225.580664562469
61575,18.47261,-69.91912,14,7946.475274846307
61575,18.46888,-69.92354,15,8569.687525340705
61575,18.46728,-69.92668,16,8945.66267276369
61575,18.4655,-69.93022,17,9368.300380471628
61575,18.4639,-69.93358,18,9764.93034254777
61575,18.4627,-69.93613,19,10065.24341164995
61575,18.45966,-69.94176,20,10748.515903165506
61575,18.45874,-69.94447,21,11052.339628028392
61575,18.45771,-69.94764,22,11406.056927870843
61575,18.45633,-69.95108,23,11800.219546099252
61575,18.45461,-69.95453,24,12211.374232109229
61575,18.45315,-69.95774,25,12586.989082905115
61575,18.45324,-69.95779,26,12598.264295851346
61575,18.45377,-69.95652,27,12744.681407666067
61575,18.45385,-69.95619,28,12780.646661809238
61575,18.45432,-69.95513,29,12904.11020858778
61575,18.45469,-69.95439,30,12992.355322249292
61575,18.45487,-69.9545,31,13015.419386057009
61575,18.45407,-69.95629,32,13224.205087454815
61575,18.4539,-69.95658,33,13260.155568049813
61575,18.4538,-69.9568,34,13285.895679318462
61575,18.45309,-69.95849,35,13480.944357627595
61575,18.45286,-69.95901,36,13541.485327251372
61575,18.45271,-69.95952,37,13597.857737354934
61575,18.45184,-69.96149,38,13827.153019416495
61575,18.45176,-69.96145,39,13836.964305060625
61575,18.45168,-69.96146,40,13845.881936117366
61575,18.4497,-69.96848,41,14619.130759188207
61575,18.44951,-69.97414,42,15217.385276473302
61575,18.4513,-69.97975,43,15842.228910616075
61576,18.4698,-69.83022,0,0.0
61576,18.47666,-69.8285,1,780.734244433057
61576,18.48332,-69.82695,2,1535.8605284843943
61576,18.48926,-69.82548,3,2211.415948671929
61576,18.49551,-69.82387,4,2923.7922096331604
61576,18.49907,-69.82362,5,3318.71828269487
61576,18.50336,-69.82599,6,3855.4814433387946
61576,18.50948,-69.82942,7,4623.636059331358
61576,18.51471,-69.83226,8,5275.592293726862
61576,18.51927,-69.83481,9,5847.652620262757
61576,18.52452,-69.83772,10,6504.9902719375095
61576,18.52919,-69.84213,11,7200.696405978117
61576,18.5345,-69.84699,12,7980.921022869879
61576,18.54135,-69.85623,13,9216.467070281273
61576,18.54311,-69.86069,14,9726.045715331682
61576,18.54562,-69.8674,15,10486.986442877736
61576,18.54484,-69.87205,16,10985.442853329878
61576,18.54607,-69.87729,17,11555.160056601628
61576,18.54854,-69.88557,18,12471.064389906183
61576,18.54618,-69.89355,19,13353.108630930248
61576,18.5457,-69.90065,20,14104.566746367316
61577,18.5457,-69.90065,0,0.0
61577,18.54618,-69.89355,1,751.458115437068
61577,18.54854,-69.88557,2,1633.5023564611329
61577,18.54607,-69.87729,3,2549.4066897656885
61577,18.54484,-69.87205,4,3119.1238930374384
61577,18.54562,-69.8674,5,3617.58030348958
61577,18.54311,-69.86069,6,4378.521031035634
61577,18.54135,-69.85623,7,4888.0996760860435
61577,18.5345,-69.84699,8,6123.645723497437
61577,18.52919,-69.84213,9,6903.8703403892
61577,18.52452,-69.83772,10,7599.576474429807
61577,18.51927,-69.83481,11,8256.914126104559
61577,18.51471,-69.83226,12,8828.974452640454
61577,18.50948,-69.82942,13,9480.930687035958
61577,18.50336,-69.82599,14,10249.085303028522
61577,18.49907,-69.82362,15,10785.848463672446
61577,18.49551,-69.82387,16,11180.774536734156
61577,18.48926,-69.82548,17,11893.150797695387
61577,18.48332,-69.82695,18,12568.706217882922
61577,18.47666,-69.8285,19,13323.83250193426
61577,18.4698,-69.83022,20,14104.566746367316
61578,18.54551,-69.90039,0,0.0
61578,18.54727,-69.90703,1,727.5765229976387
61578,18.54608,-69.91378,2,1452.2707331613055
61578,18.54707,-69.92067,3,2187.8825419296627
61578,18.55174,-69.92545,4,2910.273995691212
61578,18.55467,-69.93178,5,3653.0700657863053
61578,18.55624,-69.93933,6,4468.836346645316
61578,18.55352,-69.94448,7,5090.3098172167665
61578,18.54794,-69.9513,8,6038.921772726462
61578,18.54101,-69.95415,9,6862.883816334768
61578,18.52205,-69.95147,10,8980.490877064003
61578,18.51104,-69.95724,11,10342.963508691057
61578,18.50744,-69.9611,12,10912.980736966303
61578,18.5092,-69.96642,13,11507.577064393845
61578,18.507,-69.97166,14,12112.120106687362
61578,18.50687,-69.97582,15,12551.644423414138
61578,18.50608,-69.97958,16,12958.209555412992
61578,18.50665,-69.98456,17,13487.861649930128
61578,18.50695,-69.98989,18,14051.679432047065
61578,18.50788,-69.9963,19,14736.344839712081
61578,18.50491,-70.00142,20,15369.106329262839
61579,18.50491,-70.00142,0,0.0
61579,18.50788,-69.9963,1,632.7614895507577
61579,18.50695,-69.98989,2,1317.4268972157734
61579,18.50665,-69.98456,3,1881.2446793327108
61579,18.50608,-69.97958,4,2410.896773849847
61579,18.50687,-69.97582,5,2817.4619058487006
61579,18.507,-69.97166,6,3256.986222575477
61579,18.5092,-69.96642,7,3861.529264868994
61579,18.50744,-69.9611,8,4456.125592296536
61579,18.51104,-69.95724,9,5026.142820571782
61579,18.52205,-69.95147,10,6388.615452198836
61579,18.54101,-69.95415,11,8506.22251292807
61579,18.54794,-69.9513,12,9330.184556536376
61579,18.55352,-69.94448,13,10278.796512046072
61579,18.55624,-69.93933,14,10900.269982617523
61579,18.55467,-69.93178,15,11716.036263476533
61579,18.55174,-69.92545,16,12458.832333571627
61579,18.54707,-69.92067,17,13181.223787333176
61579,18.54608,-69.91378,18,13916.835596101533
61579,18.54727,-69.90703,19,14641.5298062652
61579,18.54551,-69.90039,20,15369.106329262897
61580,18.4513,-69.97975,0,0.0
61580,18.45495,-69.98148,1,443.41024291410577
61580,18.45802,-69.98402,2,876.3666375508765
61580,18.46062,-69.99124,3,1691.4882844523527
61580,18.46564,-69.9946,4,2350.80053487455
61580,18.47227,-69.99426,5,3085.5255304684397
61580,18.47824,-69.99748,6,3828.701159988297
61580,18.48458,-69.9984,7,4537.14487400942
61580,18.48978,-69.99959,8,5126.273222420365
61580,18.49794,-69.99918,9,6030.5089680239325
61580,18.50491,-70.00142,10,6837.441608285182
61581,18.50303,-69.99917,0,0.0
61581,18.50015,-69.99908,1,318.91784757201094
61581,18.49794,-69.99918,2,563.7620827916544
61581,18.48978,-69.99959,3,1467.9978283952223
61581,18.48458,-69.9984,4,2057.1261768061668
61581,18.47824,-69.99748,5,2765.56989082729
61581,18.47201,-69.99438,6,3528.9252904708264
61581,18.46564,-69.9946,7,4234.376620931667
61581,18.46062,-69.99124,8,4893.688871353865
61581,18.45802,-69.98402,9,5708.810518255341
61581,18.45495,-69.98148,10,6141.766912892112
61581,18.4513,-69.97975,11,6585.177155806217
61582,18.47621,-69.92042,0,0.0
61582,18.48227,-69.92086,1,672.3645111747319
61583,18.48227,-69.92086,0,0.0
61583,18.47621,-69.92042,1,672.3645111747319
61583,18.47261,-69.91912,2,1093.826152398833
62352,18.46903,-69.92359,0,0.0
62352,18.47256,-69.92557,1,443.1676133526489
62352,18.47543,-69.92682,2,787.1782275971491
62352,18.47837,-69.9278,3,1128.6589105186285
62352,18.48259,-69.92906,4,1614.3400306451367
62352,18.4827,-69.93113,5,1833.2979968677973
62353,18.4827,-69.93113,0,0.0
62353,18.48259,-69.92906,1,218.95796622266062
62353,18.47837,-69.9278,2,704.6390863491688
62353,18.47543,-69.92682,3,1046.1197692706482
62353,18.47256,-69.92557,4,1390.1303835151484
62353,18.46889,-69.92354,5,1849.4599397419952
64038,18.47896,-69.9676,0,0.0
64038,18.48002,-69.96242,1,559.5254967865767
64038,18.48001,-69.96241,2,561.0553938088706
64038,18.4818,-69.95478,3,1390.8908295397414
64038,18.48237,-69.94615,4,2304.5161352525465
64038,18.48407,-69.94064,5,2916.108209699276
64038,18.4827,-69.93113,6,3931.8675158672268
64038,18.48227,-69.92086,7,5017.559154811082
64038,18.48186,-69.91417,8,5725.569293591776
64038,18.48156,-69.9064,9,6546.859345527715
64038,18.48743,-69.90439,10,7230.38523524988
64038,18.49308,-69.89952,11,8040.084861500072
64038,18.49579,-69.89569,12,8543.644285929739
64038,18.49974,-69.88988,13,9297.041132299113
64038,18.50382,-69.88408,14,10058.016812050715
64038,18.50719,-69.87929,15,10686.500756356865
64038,18.51081,-69.87011,16,11735.42690362013
64038,18.51024,-69.85991,17,12814.352823108551
64038,18.50544,-69.85587,18,13495.728944349103
64038,18.49902,-69.85292,19,14271.619865121087
64038,18.49281,-69.85066,20,14999.237146814936
64038,18.48506,-69.84896,21,15875.640406098333
64039,18.48506,-69.84896,0,0.0
64039,18.49281,-69.85066,1,876.4032592833973
64039,18.49902,-69.85292,2,1604.0205409772461
64039,18.50544,-69.85587,3,2379.9114617492305
64039,18.51024,-69.85991,4,3061.287582989782
64039,18.51044,-69.86539,5,3640.3778263514396
64039,18.51081,-69.87011,6,4140.470614016638
64039,18.50719,-69.87929,7,5189.396761279902
64039,18.50382,-69.88408,8,5817.8807055860525
64039,18.49974,-69.88988,9,6578.8563853376545
64039,18.49579,-69.89569,10,7332.253231707029
64039,18.49308,-69.89952,11,7835.812656136695
64039,18.48743,-69.90439,12,8645.512282386888
64039,18.48156,-69.9064,13,9329.038172109053
64039,18.48186,-69.91417,14,10150.328224044992
64039,18.48227,-69.92086,15,10858.338362825685
64039,18.4827,-69.93113,16,11944.03000176954
64039,18.48407,-69.94064,17,12959.789307937492
64039,18.48237,-69.94615,18,13571.381382384221
64039,18.4818,-69.95478,19,14485.006688097026
64039,18.48002,-69.96242,20,15315.604490387952
64039,18.47896,-69.9676,21,15875.129987174529
64040,18.52329,-70.04884,0,0.0
64040,18.52377,-70.03393,1,1575.2143412744626
64040,18.52106,-70.0218,2,2890.6622390011325
64040,18.5198,-70.01156,3,3980.860936326324
64043,18.47896,-69.9676,0,0.0
64043,18.47084,-69.97832,1,1445.5851847241865
64043,18.47524,-69.98245,2,2099.3912751192693
64043,18.47974,-69.99207,3,3230.9409026270732
64044,18.52329,-70.04884,0,0.0
64044,18.52377,-70.03393,1,1575.2143412744626
64044,18.5198,-70.01156,2,3977.770397071843
64045,18.4881,-69.99714,0,0.0
64045,18.47524,-69.98245,1,2105.5103885901626
64045,18.47084,-69.97832,2,2759.3164789852453
64045,18.47896,-69.9676,3,4204.901663709432
72045,18.46281,-69.95661,0,0.0
72045,18.46503,-69.94969,1,771.120445254026
72045,18.4669,-69.94441,2,1365.98282290739
72045,18.46934,-69.93735,3,2159.0751395422267
72045,18.47171,-69.9314,4,2840.070243540802
72045,18.4736,-69.92499,5,3548.6733281622874
72045,18.4759,-69.91843,6,4286.817072900594
72045,18.47863,-69.91046,7,5181.173297858331
72045,18.48151,-69.90189,8,6140.785996170831
72045,18.48449,-69.89474,9,6964.81393837824
72045,18.48721,-69.88665,10,7870.700481939712
72045,18.48931,-69.88016,11,8594.448575000395
72045,18.4919,-69.87418,12,9288.006862379378
72045,18.49407,-69.86834,13,9949.870490568806
72045,18.49736,-69.86141,14,10767.308865557308
72046,18.49154,-69.86969,0,0.0
72046,18.49154,-69.8697,1,1.0560768528375775
72046,18.48881,-69.87773,2,901.319511298323
72046,18.48657,-69.88459,3,1667.055086382199
72046,18.48525,-69.89018,4,2275.23196930869
72046,18.4835,-69.89584,5,2903.5965757031227
72046,18.48226,-69.89976,6,3339.757262130617
72046,18.48063,-69.90614,7,4037.3096559887053
72046,18.47863,-69.91278,8,4772.703428543988
72046,18.47757,-69.91678,9,5211.1566083896905
72046,18.47555,-69.92315,10,5920.11541757267
72046,18.47405,-69.92849,11,6508.0451094901655
72046,18.47285,-69.93275,12,6977.176541717374
72046,18.47141,-69.937,13,7453.517300769454
72046,18.46974,-69.94294,14,8107.5668957974995
72046,18.46717,-69.95117,15,9022.195262183785
72165,18.44526,-69.94943,0,0.0
72165,18.47896,-69.9676,1,4194.891270832857
72165,18.47277,-69.95266,2,5915.14215484506
72165,18.46391,-69.93358,3,8156.351971694501
72165,18.48259,-69.92906,4,10278.361923476215
72165,18.47625,-69.91346,5,12069.178185996367
72165,18.49579,-69.89569,6,14932.700187528157
72165,18.50382,-69.88408,7,16447.02273842867
72165,18.48534,-69.87743,8,18609.7016616466
72165,18.4644,-69.90981,9,22741.019575956045
